-510 444 111 214 179 -135 419 -350 23 348 310 -419 -337 21 -109 231 156 236 421 509 -343 -50 416 388 123 -84 -1093 193 -440 129 115 -3 527 -189 240 -373 -469 -160 -603 316 -89 -182 372 319 -525 306 335 88 -318 -532 15 199 164 482 462 381 128 950 -640 342 679 238 662 -168 
-420 -165 90 -227 -614 478 28 -394 -498 -422 -67 -579 -82 424 -372 -160 -511 -795 141 47 -372 -390 -819 257 -787 233 -21 256 -331 5 512 -407 291 -304 1057 40 -201 -388 -390 63 760 -835 710 402 275 -300 183 84 138 -170 355 136 144 -695 -2 476 -103 -235 -28 238 -209 -260 -686 211 
362 -700 -361 31 -1053 -18 -252 -136 78 610 -191 163 162 -355 -355 -188 541 77 -151 -331 43 -544 -298 -588 195 142 434 13 -401 -116 -810 -90 358 -385 -203 -289 -720 -254 -327 489 32 381 -100 42 -751 374 -775 844 355 -789 -472 -16 -520 -274 -234 -252 -17 -162 -105 -63 73 -540 -307 77 
-537 -1 424 -45 -395 892 -192 161 70 197 -755 -82 -11 627 -161 -1013 384 -300 -5 -184 122 -186 -243 -256 -327 6 376 -622 -33 205 -19 -536 -143 326 538 36 -478 -131 59 -372 276 375 -731 636 494 68 -340 113 447 622 -227 21 430 -40 211 -571 -130 -183 71 -194 202 644 25 -528 
-38 42 86 219 -419 543 472 -282 -400 313 -303 721 392 377 138 -780 176 -11 -627 -516 -334 470 -111 -100 580 -507 450 251 0 173 563 92 236 520 -304 -325 -93 -70 -267 -260 37 531 -705 316 -164 -101 -51 909 559 -504 252 -564 -84 112 -412 -943 -154 575 237 398 202 404 151 501 
217 185 -720 -128 -442 3 73 166 393 191 -212 -171 258 -151 -307 -81 -596 379 239 40 -321 -326 -277 -615 1008 396 -351 -358 157 -289 -307 -418 84 399 175 -252 -15 177 -159 -259 -86 152 -339 -175 -316 -3 315 323 506 543 -280 -365 63 37 -337 438 -337 528 -35 -455 -191 -395 398 -132 
812 209 820 -308 -467 -371 170 229 -109 541 -185 157 -337 -635 -99 -26 298 460 -372 -962 -369 1046 242 -467 466 -351 -65 198 -387 491 746 -549 504 -274 -320 557 -1085 354 103 -502 1033 634 395 -209 -339 477 -389 704 296 139 203 -170 -113 -536 372 -397 12 326 380 67 -515 48 154 -459 
233 -346 -429 307 -71 836 14 258 14 -130 -4 -491 211 -64 -864 113 -175 -167 -55 116 319 -106 -559 -139 761 242 82 147 213 252 -338 271 -215 -242 81 97 582 20 -16 -350 203 645 -123 339 280 57 -170 -531 73 -13 -707 -523 455 -573 -385 -187 -253 -107 -552 236 -493 645 121 634 
176 1077 -868 -623 -479 -220 537 -616 -147 -89 44 -538 125 -566 486 474 -169 1332 1049 -2 70 492 -214 399 792 -572 -392 -722 352 350 -528 984 -341 -42 945 9 352 -346 -188 -5 59 158 70 245 469 591 -502 -262 -266 129 117 -307 -386 585 -9 -477 915 -456 -305 82 54 -234 -4 936 
614 494 -80 -548 -64 -180 -156 -393 271 -118 272 -17 -251 -123 309 -518 -823 193 -798 -93 -695 133 -207 455 -318 -328 403 419 428 347 82 208 -24 53 116 -769 131 136 168 144 485 -379 -174 12 -256 -217 55 -393 -192 169 -5 472 509 -482 424 -50 25 359 311 326 -214 703 -448 -468 
134 -748 -282 277 153 273 -626 53 284 -685 263 -432 -152 -161 -162 259 -125 -210 -253 -207 -317 -26 187 132 -242 151 530 -362 -128 371 -422 -988 489 -137 -643 232 238 -34 382 -400 -13 301 526 132 277 83 664 103 -362 -238 515 -110 149 -211 -74 384 -123 336 -593 372 -443 155 -175 -32 
541 -353 -351 171 562 -417 -4 1216 -148 278 136 578 496 49 -151 -198 -329 -317 -460 253 -29 919 -171 -580 -372 -433 -104 977 -148 397 557 713 58 292 -125 -169 443 120 -66 603 18 637 -767 -272 969 -141 -370 -195 793 -400 -176 -10 -36 237 453 -94 -281 -381 278 -271 -256 -59 -97 -432 
-391 -480 -373 567 -319 111 591 237 -62 -913 220 629 -228 -317 -649 -255 18 -751 68 429 -270 532 -634 -739 221 30 -257 236 412 -305 45 -89 312 -83 48 -112 -168 138 76 363 -3 307 121 -143 88 34 -646 313 277 -446 791 103 -156 -322 -131 -145 20 -655 -386 -372 -471 -317 -379 -497 
-401 -419 -124 -29 -501 -538 301 -394 -1097 42 -261 324 -257 -37 -506 -906 -356 -878 -472 155 206 156 -598 469 226 254 407 682 -199 312 42 556 -352 -70 157 -56 533 0 -1060 819 -884 179 478 -410 -75 -231 -557 -162 468 -883 -48 -845 325 -229 -539 320 -231 -309 324 587 95 -184 -134 777 
439 39 669 -28 -71 574 -497 -232 -470 426 -661 -77 299 255 -476 85 -384 -488 -1404 203 590 244 -126 -283 17 547 -513 -242 -443 -375 -348 820 -1 79 106 -354 665 65 1018 -115 752 -233 -404 -772 506 -153 -641 -159 -196 473 -118 281 -458 216 -340 -451 95 -298 429 -700 -755 269 419 -302 
-313 415 13 -261 -361 523 -280 112 1280 -353 170 366 -408 -372 -262 123 -29 -477 118 -284 215 -585 306 579 -135 -768 173 -61 -583 312 105 -297 54 -112 73 250 -313 -610 103 476 25 114 -184 -637 -348 583 -113 94 -878 -587 -999 -746 632 -296 592 293 177 -141 -1249 -14 273 21 -204 289 
-567 -269 -369 462 8 202 170 146 -660 517 70 -9 -353 -615 -1051 62 -634 -212 -539 -161 -133 54 451 -664 140 189 676 -325 517 -300 -330 539 -127 0 -420 377 125 940 574 -1333 -532 837 270 359 593 768 -1175 -149 55 771 458 190 177 -318 -435 597 -193 570 -310 -151 -314 405 193 -148 
-162 -616 -388 -145 471 -876 -27 364 -559 -425 533 -529 -277 208 124 232 -805 -386 259 -413 -571 140 -82 -465 -716 364 -244 392 126 -747 -82 408 250 -988 -1018 -578 533 -96 -71 16 -257 56 224 -128 -592 598 744 -100 521 -913 227 134 -728 315 264 386 880 -544 190 135 -373 -120 237 153 
504 -675 -27 463 122 57 510 -258 -48 100 -38 85 469 33 -17 369 -191 -331 -778 647 -15 15 -280 -249 -66 413 -75 74 449 247 149 139 -386 -680 614 184 103 -228 440 46 632 7 -654 33 -85 610 -94 -7 84 560 -763 51 75 24 -49 1051 -440 469 -264 79 148 -610 -319 -594 
209 -79 -213 286 -149 135 110 220 329 122 211 83 573 435 -713 368 522 -843 -472 339 16 -585 138 596 -561 1015 -451 -364 -411 -257 -501 -76 41 8 -65 560 -504 -79 492 929 451 125 350 53 -109 387 343 -537 -168 -157 -337 -225 -599 -151 570 983 -494 201 331 337 245 -237 -547 -61 
-40 43 464 131 461 -87 -779 -77 -144 232 -192 877 19 14 -648 -445 68 -149 -876 597 144 -95 -137 -598 78 -591 301 216 297 247 155 -341 -122 159 53 -305 5 -677 374 387 -243 -537 446 -44 -175 -1303 268 -346 -175 883 348 -125 279 81 -617 -968 -738 -486 1338 -481 -106 40 -418 797 
-540 -903 -804 -102 -27 740 491 -56 65 220 359 317 -464 -517 272 -360 448 -139 227 827 -200 390 -271 105 1212 54 -487 -48 77 499 -28 146 -528 468 576 494 22 -237 469 491 102 491 -521 394 234 -495 258 266 497 -224 -762 204 -277 -1 -344 -1118 -458 -380 190 176 -21 -235 -204 -201 
34 456 808 -231 238 -424 369 221 -132 -157 -590 -669 -267 -162 17 -269 -507 501 -425 548 140 148 -583 -106 688 84 -167 779 -295 156 249 -455 -362 376 51 5 -307 478 -143 228 412 138 -51 -405 587 -270 -585 -280 187 -325 654 -96 -246 -61 -674 -45 -430 -644 590 373 -214 -12 59 311 
167 -528 -614 -140 -155 -491 -807 -292 236 -312 -84 -781 618 381 355 487 11 154 93 -46 645 -80 70 580 -343 760 -613 -408 -817 60 -122 -260 589 -199 -256 -561 -130 -320 24 -17 -305 -582 279 623 -137 194 336 219 -476 -349 -943 157 -105 -209 -139 -180 857 151 433 60 -587 -400 -161 -285 
357 107 108 741 42 640 367 191 -311 -317 -17 126 318 -459 358 326 230 -426 662 638 389 50 -203 186 -303 -127 -517 187 -709 933 -179 -663 -282 41 196 -64 52 -445 826 89 -126 36 507 -259 589 -64 137 114 -330 -106 -9 414 591 -49 -1336 -248 -785 -199 -51 -949 -194 -636 94 166 
1253 923 276 156 226 242 128 -611 371 495 -229 -340 -18 -373 -296 219 297 -6 -257 757 -152 -692 -543 -613 81 -248 -865 -541 1253 337 361 108 -174 756 284 -160 -857 193 -94 -999 176 -385 433 164 -200 -351 41 -17 68 574 -203 -1274 -599 -144 361 -378 132 493 -18 -21 429 -19 -40 335 
214 -389 312 -866 -298 -44 -90 45 204 -235 -652 -145 -651 343 -755 -513 -5 306 7 -193 560 -9 139 -732 345 -476 -410 -206 184 369 883 -607 811 929 133 221 -370 -169 -404 -496 662 -551 244 587 408 -53 117 -229 77 -724 -165 508 256 486 -167 -160 -331 117 124 315 303 314 -284 -223 
-466 -9 412 859 37 268 671 93 -18 566 -272 288 -228 -422 242 702 408 -185 -42 649 245 -146 -337 533 783 188 -101 4 131 -108 246 234 -136 -330 286 -229 -387 82 -153 -252 -796 95 -200 -152 727 99 -23 13 -101 -173 -245 -474 -1185 -629 174 -233 -198 -350 216 -422 -262 -722 102 519 
649 61 -49 -268 -78 -369 40 -268 34 -187 -264 -191 -164 -350 173 484 65 105 96 -407 -270 -104 -246 -177 449 -146 485 337 611 -213 431 -333 14 -459 506 228 -186 -249 -916 -524 909 -106 517 67 -63 -164 216 -237 85 -528 218 37 320 -474 -166 23 -146 107 381 344 321 -711 -668 379 
-292 266 83 -415 -1409 471 360 -350 186 -447 387 -291 -846 362 -261 18 -689 -53 -252 -185 310 381 -37 134 -435 -398 401 306 -273 51 351 417 478 -136 -382 108 105 -99 -239 -479 676 -384 -126 -195 266 363 -291 -120 -172 -272 467 152 867 369 -172 -546 -568 34 394 -408 -705 -163 421 612 
-289 -569 70 238 46 -192 -408 191 -518 258 296 342 -114 -192 -714 -411 241 -140 6 273 -169 -377 268 -656 78 -157 170 147 146 624 407 -84 345 -236 -572 241 -594 -114 -522 -318 -302 -444 373 -402 196 -75 -234 -198 -257 -187 -585 56 138 -66 103 -194 319 -21 3 -396 -226 468 225 -35 
247 761 -198 73 167 -392 -632 -964 -254 -428 33 -262 424 -96 596 53 87 96 434 -744 -106 236 1072 -506 376 -241 -58 -783 393 -119 -202 65 -121 480 564 -707 138 -205 -98 -409 -1047 -119 438 92 484 159 761 30 -681 458 -11 -440 -405 202 818 275 253 -78 -272 -196 284 192 66 58 
213 40 359 891 83 -565 -413 -28 207 201 521 -64 -177 -455 325 27 529 -31 -51 915 -92 105 275 264 -323 -831 622 664 599 249 -222 105 235 -392 158 699 -120 75 -141 -1065 671 186 582 -369 -1 22 943 -196 -44 -416 -229 -15 599 451 242 -174 -66 153 130 367 642 -620 -468 -44 
329 567 457 168 -334 -236 315 149 -336 276 -41 125 -509 -544 -589 107 -31 -642 113 -421 -29 -51 362 198 -315 -338 -1184 933 766 -38 465 -272 393 40 -115 -490 -999 134 -417 7 283 -342 650 967 -821 16 420 320 -246 -308 362 -323 -85 -293 13 378 -217 -188 349 101 -55 52 -308 90 
-725 -211 -226 -188 -761 324 107 -293 378 -398 -34 271 -315 -230 100 173 -327 265 -328 -503 -554 165 768 853 -714 352 638 -150 99 -490 52 -92 445 320 -419 -95 -90 393 -58 -307 -278 49 489 900 -571 232 630 -114 -145 418 784 393 342 -102 151 117 35 109 -221 343 -631 463 -565 813 
229 431 64 254 -237 28 -248 29 113 297 -33 -253 382 -299 427 -825 -713 1424 137 -170 365 -177 -317 -176 93 -234 -143 -119 -714 88 -138 -622 -143 -48 93 15 9 -421 55 48 -394 383 160 -165 -51 -20 -130 811 209 633 -249 -101 2 -437 381 281 415 -419 -417 509 492 116 -788 641 
59 -175 -864 401 371 -1086 885 141 -440 1033 176 934 336 62 -650 -616 -102 -315 186 -314 210 838 541 1094 -127 186 -270 293 -168 57 104 435 -12 402 102 -236 -536 -491 -238 1235 -676 316 424 -229 -482 194 194 280 -251 -223 -184 -9 162 -116 813 109 -253 -118 -70 -414 23 140 65 -1251 
42 399 186 -25 -233 707 -849 476 -41 -82 78 -11 458 280 336 -114 -243 204 -238 206 -541 380 100 1115 -910 14 -146 -124 -255 351 449 -551 -219 66 -382 107 751 387 -15 290 -37 40 384 871 836 -13 449 -364 235 -128 -43 -644 -508 77 219 -272 1257 -248 613 -72 -331 -316 -890 303 
-9 -1 650 120 190 559 679 -131 -740 262 -401 -46 103 445 -202 -727 45 -160 -13 -258 -344 930 -361 215 -142 164 -168 1051 -297 148 634 -369 -24 -293 17 147 -82 272 -383 -331 53 335 -396 742 -153 45 141 -379 468 -39 -130 436 -114 87 500 -34 122 -405 -185 431 428 504 310 -219 
-145 463 -101 280 247 354 -69 -180 90 400 201 1074 53 141 -99 175 237 35 213 77 287 -299 481 -287 -711 -75 291 -174 146 -619 -930 -832 -94 -669 11 -327 336 -319 593 649 -358 -283 -312 -562 -70 -189 -21 -159 271 226 -406 147 -335 569 417 -141 34 -294 153 -294 -262 297 -214 378 
-72 -133 79 7 158 803 -394 998 209 569 108 -15 -786 -53 -585 259 188 613 -609 -503 33 -327 804 -171 254 -43 460 -142 -45 -37 522 164 248 -46 108 646 -37 1005 -591 -584 234 46 363 372 105 -335 -109 19 -415 660 -693 -186 227 -337 -162 -278 303 185 -231 313 199 246 415 528 
50 -606 -827 -632 -646 -5 -103 -193 -370 -18 -268 467 -839 0 -551 -238 -380 -124 -333 67 -366 84 177 -42 -77 147 -270 194 279 -406 -224 412 -655 -96 639 287 -155 -38 -468 -5 -129 -364 134 -503 -314 -270 -29 67 -580 258 -76 188 740 206 -622 -158 629 -530 -511 143 -314 609 362 544 
101 -428 -118 -282 -680 -381 -230 -648 -149 423 -741 -247 -931 -437 -756 70 -201 483 -957 358 -491 28 -71 -473 6 37 368 -411 603 744 -53 -146 199 96 -84 25 -352 244 116 -444 -236 -841 231 -246 183 11 -744 -244 -882 506 -627 -3 846 16 -73 26 -606 1169 6 -454 -8 32 -340 -447 
-366 -287 -823 47 21 729 -150 -436 238 -408 617 197 249 377 220 684 -762 -283 338 68 6 -87 -960 -557 -646 52 10 65 -602 -1 -272 64 -552 -628 596 -517 388 -385 708 594 -50 -237 272 -3 -269 -142 791 -118 427 71 -238 595 -103 -761 -115 -69 357 -32 107 -502 -652 -1222 -628 92 
-195 -532 219 90 -525 251 151 53 808 -405 -367 451 -40 256 -213 330 695 -644 -269 807 -476 -741 -79 157 167 864 -263 24 -250 -272 502 -553 465 -42 222 -209 -395 235 -2 489 135 -273 -737 -374 -130 198 333 -256 454 -337 21 430 -421 306 664 250 73 243 -14 102 -631 -158 451 -15 
709 -54 -999 -342 -185 11 -650 195 -509 292 399 -83 33 180 -268 -124 192 160 196 -197 978 196 -379 -30 163 -309 239 -1125 -524 402 -386 544 836 185 182 538 -1127 -724 585 -889 447 7 487 68 25 475 -484 762 -309 479 -594 -873 -476 -367 -373 -433 -244 -551 -30 -2 300 -568 -503 -574 
-48 -267 -86 -596 676 -22 -689 479 -404 382 -210 -250 -92 -237 -170 344 -620 342 49 -167 72 -54 -287 -266 -118 615 274 482 234 -500 540 68 -278 -274 -180 230 465 537 114 -1297 -353 -756 249 487 456 -580 -166 -44 -25 488 -325 174 59 308 -181 65 444 24 -140 20 -334 411 572 233 
71 -105 -745 593 507 50 358 -216 492 638 -185 -378 37 -131 517 55 342 556 347 -319 344 -405 406 1084 -106 424 -952 -61 -254 677 44 143 -458 182 106 -351 -419 -431 796 243 -268 -819 -271 -61 -137 610 -350 -419 -358 200 -205 312 -82 970 -498 937 31 932 -22 -592 72 -166 -417 -318 
-59 456 -569 376 -375 -217 -158 85 -390 387 103 -534 -469 0 824 152 -198 323 711 -904 838 711 47 250 -90 -313 -511 -49 -889 536 -193 -464 -418 253 355 394 391 -401 -373 231 50 -418 849 907 228 368 -87 838 -164 -268 -168 -341 -191 -421 -516 -696 -319 249 319 -848 296 -270 106 -242 
-230 -248 216 -332 229 453 -224 -641 622 -752 -311 283 462 -631 239 -531 505 -20 -110 -405 -374 144 278 -370 -52 -154 262 -163 -293 18 153 29 -45 214 630 -113 -231 356 305 -248 399 44 -202 -84 -722 -372 185 575 -194 -170 -494 -385 294 -301 -215 -309 402 143 -699 -678 -114 679 -163 -143 
308 -137 -251 322 438 -185 -6 590 348 -376 -94 -192 -421 676 617 110 -24 521 549 -625 162 86 -208 627 256 215 -709 234 -872 486 186 -289 285 297 -258 -81 -604 346 -841 -310 278 351 -183 -283 -319 287 -127 540 -143 125 -366 873 -121 454 43 208 -602 162 6 234 554 78 282 -144 
-370 -75 -748 -443 34 -588 250 71 130 337 947 230 -310 427 -4 -653 -69 -78 232 613 -526 -153 75 672 334 74 673 335 -402 305 168 262 208 -617 321 369 508 -246 -727 201 286 279 271 -796 -303 -258 245 -280 305 -229 -86 237 -25 -272 294 -552 20 -365 734 484 48 -338 330 -474 
-200 -444 232 930 391 689 -932 162 -137 -196 81 -620 1094 32 -124 206 36 212 -307 560 229 -552 -589 359 -392 -557 -167 93 -701 385 4 -639 485 -388 -549 -438 27 -693 -46 105 -344 -618 393 544 -219 -36 144 -44 23 -349 -132 295 190 -89 -73 -251 788 -547 -451 -720 47 -417 -312 517 
148 585 90 744 33 278 373 -108 399 199 -514 150 93 -577 -278 -15 246 -129 -128 1 372 501 72 179 267 -607 -83 -930 -515 298 -32 -83 -257 523 143 -151 406 496 -537 211 2 -452 -384 -145 262 -18 -594 215 -214 310 498 -317 -291 -572 693 -621 57 -450 429 -1044 390 -140 -122 309 
-882 124 828 544 54 530 266 -971 -470 180 258 -488 161 322 235 -379 -198 73 -201 -36 -8 -293 122 -184 627 -338 285 -612 584 42 169 -210 -215 246 479 -354 858 -503 -193 -35 -138 1063 -364 396 -499 -688 184 -73 -194 131 -44 -858 -14 673 35 -302 1058 28 -301 105 29 290 320 376 
-202 236 -109 -330 505 643 16 766 309 388 -928 -121 936 -702 169 -251 -431 574 -288 558 -178 -353 -589 232 64 -398 -20 -254 -306 -71 680 58 -229 295 562 -26 516 105 185 -78 -682 456 -223 -719 631 -168 238 387 109 632 195 -571 22 -901 639 -244 539 37 -87 -53 144 -374 -782 521 
347 -114 876 543 -43 363 -286 -124 -232 -321 262 758 46 248 -328 -220 495 -356 126 -240 -182 -17 213 109 -276 66 277 547 121 60 131 -253 -262 52 -719 -157 -532 -304 -577 -89 -332 -75 -98 248 104 740 -200 -95 -178 -60 314 60 -346 -227 100 231 4 89 607 148 -184 175 374 -57 
719 -217 -148 -193 -353 -12 -889 144 -346 -173 -705 -267 113 90 -302 -100 -494 -288 -409 -680 -763 -262 -143 -1005 -318 -372 575 -545 729 -259 109 935 -483 -155 25 -379 626 482 -164 -1135 -76 -479 427 291 -257 204 -222 -167 579 335 32 -11 -348 11 -137 -26 1095 46 647 153 -29 228 94 171 
-179 843 -194 405 -131 -449 529 -61 -312 388 -172 436 213 -668 -213 629 -408 499 -484 -903 -455 988 245 -87 -546 -493 712 380 38 315 -742 93 -779 -233 -340 -47 -504 -306 -201 336 -223 102 284 -302 216 483 -493 612 -91 417 1091 -908 17 -572 405 316 292 66 -63 -1077 131 374 472 -63 
785 83 -791 -550 472 -640 595 -229 -372 410 -168 302 -83 23 -345 12 -454 422 -117 -46 -682 -376 139 96 -565 616 165 171 1224 -567 -7 383 -450 -330 -54 -635 529 -347 514 -342 -153 -127 420 -233 -358 -49 518 -513 -353 244 -268 -451 -64 99 784 143 197 44 -346 283 -304 566 113 -290 
-450 56 188 -17 -505 -569 567 -199 455 47 -182 -48 -312 -454 1074 -394 73 240 365 380 -495 -330 -471 304 -8 -170 -186 95 228 258 330 -551 79 525 79 -154 -1005 -218 -175 431 -555 -351 -154 -782 -435 248 -234 234 60 402 -407 -284 509 149 -61 338 -921 540 -317 -734 374 320 132 -310 
334 179 -184 -451 387 -386 495 712 -181 165 -47 -101 36 -304 -116 -897 66 244 -265 160 -582 67 -459 322 582 242 -512 -58 -267 399 -364 274 466 -90 116 -31 -423 303 167 28 301 725 -198 76 758 11 -389 -16 442 -789 626 -338 -279 245 251 -102 204 -7 -436 255 -138 200 -180 93 
-25 622 -55 277 770 29 -87 177 105 204 219 -692 -384 -346 -1 -71 -177 259 -179 -292 -688 181 -12 127 -549 -603 -182 -673 203 -54 -502 -369 170 571 -248 193 -550 809 683 -204 -51 416 487 -162 277 390 -269 -80 -230 714 58 94 -156 -413 211 273 84 657 -207 -457 581 369 -372 194 
-514 -137 -22 -212 -585 -383 -516 -529 311 -584 156 -320 -1127 134 -191 612 243 -235 168 276 -37 -991 -77 -709 578 -1147 -164 197 -301 -666 718 -223 268 169 14 -160 180 -121 -1089 -326 -88 -249 -33 -215 -332 -343 -175 223 144 -351 -896 544 -522 64 -319 97 -128 -210 -38 18 125 -216 37 305 
